{
 "cells": [
  {
   "cell_type": "code",
   "execution_count": 1,
   "metadata": {},
   "outputs": [],
   "source": [
    "import pandas as pd\n",
    "from itertools import product\n",
    "from sklearn.preprocessing import OneHotEncoder, LabelEncoder, StandardScaler, MinMaxScaler\n",
    "from sklearn.model_selection import train_test_split\n",
    "import numpy as np\n",
    "import seaborn as sns\n",
    "import matplotlib.pyplot as plt"
   ]
  },
  {
   "cell_type": "code",
   "execution_count": 2,
   "metadata": {},
   "outputs": [],
   "source": [
    "original = pd.read_csv('../html2023-spring-final-project/train.csv')"
   ]
  },
  {
   "cell_type": "code",
   "execution_count": 184,
   "metadata": {},
   "outputs": [],
   "source": [
    "original = pd.read_csv('../html2023-spring-final-project/test.csv')"
   ]
  },
  {
   "cell_type": "code",
   "execution_count": 186,
   "metadata": {},
   "outputs": [
    {
     "data": {
      "text/plain": [
       "(6315, 28)"
      ]
     },
     "execution_count": 186,
     "metadata": {},
     "output_type": "execute_result"
    }
   ],
   "source": [
    "original.shape"
   ]
  },
  {
   "cell_type": "code",
   "execution_count": 187,
   "metadata": {},
   "outputs": [],
   "source": [
    "original['Licensed']  = original['Licensed'] .replace({True: 1, False: 0})"
   ]
  },
  {
   "cell_type": "code",
   "execution_count": 188,
   "metadata": {},
   "outputs": [],
   "source": [
    "labelArtist\t = {}\n",
    "for index, i in enumerate(original['Artist'].unique()):\n",
    "    labelArtist\t[i] = index\n",
    "\n",
    "labelComposer = {}\n",
    "for index, i in enumerate(original['Composer'].unique()):\n",
    "    labelComposer[i] = index\n",
    "\n",
    "labelAlbum = {}\n",
    "for index, i in enumerate(original['Album_type'].unique()):\n",
    "    labelAlbum[i] = index\n",
    "\n",
    "original['Artist']  = original['Artist'] .replace(labelArtist)\n",
    "original['Composer']  = original['Composer'] .replace(labelComposer)\n",
    "original['Album_type']  = original['Album_type'] .replace(labelAlbum)"
   ]
  },
  {
   "cell_type": "code",
   "execution_count": 189,
   "metadata": {},
   "outputs": [
    {
     "data": {
      "text/html": [
       "<div>\n",
       "<style scoped>\n",
       "    .dataframe tbody tr th:only-of-type {\n",
       "        vertical-align: middle;\n",
       "    }\n",
       "\n",
       "    .dataframe tbody tr th {\n",
       "        vertical-align: top;\n",
       "    }\n",
       "\n",
       "    .dataframe thead th {\n",
       "        text-align: right;\n",
       "    }\n",
       "</style>\n",
       "<table border=\"1\" class=\"dataframe\">\n",
       "  <thead>\n",
       "    <tr style=\"text-align: right;\">\n",
       "      <th></th>\n",
       "      <th>Energy</th>\n",
       "      <th>Key</th>\n",
       "      <th>Loudness</th>\n",
       "      <th>Speechiness</th>\n",
       "      <th>Acousticness</th>\n",
       "      <th>Instrumentalness</th>\n",
       "      <th>Liveness</th>\n",
       "      <th>Valence</th>\n",
       "      <th>Tempo</th>\n",
       "      <th>Duration_ms</th>\n",
       "      <th>Views</th>\n",
       "      <th>Likes</th>\n",
       "      <th>Stream</th>\n",
       "      <th>Album_type</th>\n",
       "      <th>Licensed</th>\n",
       "      <th>id</th>\n",
       "      <th>Comments</th>\n",
       "      <th>Composer</th>\n",
       "      <th>Artist</th>\n",
       "    </tr>\n",
       "  </thead>\n",
       "  <tbody>\n",
       "    <tr>\n",
       "      <th>Energy</th>\n",
       "      <td>1.000000</td>\n",
       "      <td>0.030645</td>\n",
       "      <td>0.407735</td>\n",
       "      <td>0.014745</td>\n",
       "      <td>-0.307905</td>\n",
       "      <td>-0.187069</td>\n",
       "      <td>0.057378</td>\n",
       "      <td>0.223716</td>\n",
       "      <td>0.102401</td>\n",
       "      <td>0.024953</td>\n",
       "      <td>0.104381</td>\n",
       "      <td>0.086676</td>\n",
       "      <td>0.129197</td>\n",
       "      <td>0.032098</td>\n",
       "      <td>0.035469</td>\n",
       "      <td>-0.190335</td>\n",
       "      <td>0.040983</td>\n",
       "      <td>0.022467</td>\n",
       "      <td>-0.010575</td>\n",
       "    </tr>\n",
       "    <tr>\n",
       "      <th>Key</th>\n",
       "      <td>0.030645</td>\n",
       "      <td>1.000000</td>\n",
       "      <td>0.010579</td>\n",
       "      <td>0.037962</td>\n",
       "      <td>-0.052131</td>\n",
       "      <td>-0.008115</td>\n",
       "      <td>0.024926</td>\n",
       "      <td>0.039844</td>\n",
       "      <td>0.045168</td>\n",
       "      <td>-0.031492</td>\n",
       "      <td>0.008614</td>\n",
       "      <td>0.019581</td>\n",
       "      <td>0.009897</td>\n",
       "      <td>-0.012378</td>\n",
       "      <td>-0.039652</td>\n",
       "      <td>-0.090102</td>\n",
       "      <td>-0.017140</td>\n",
       "      <td>0.012173</td>\n",
       "      <td>-0.036862</td>\n",
       "    </tr>\n",
       "    <tr>\n",
       "      <th>Loudness</th>\n",
       "      <td>0.407735</td>\n",
       "      <td>0.010579</td>\n",
       "      <td>1.000000</td>\n",
       "      <td>-0.005281</td>\n",
       "      <td>-0.424734</td>\n",
       "      <td>-0.422526</td>\n",
       "      <td>0.013067</td>\n",
       "      <td>0.240331</td>\n",
       "      <td>0.071857</td>\n",
       "      <td>0.000749</td>\n",
       "      <td>0.132042</td>\n",
       "      <td>0.138467</td>\n",
       "      <td>0.164808</td>\n",
       "      <td>0.073303</td>\n",
       "      <td>0.111616</td>\n",
       "      <td>0.002558</td>\n",
       "      <td>0.047569</td>\n",
       "      <td>0.091849</td>\n",
       "      <td>-0.006831</td>\n",
       "    </tr>\n",
       "    <tr>\n",
       "      <th>Speechiness</th>\n",
       "      <td>0.014745</td>\n",
       "      <td>0.037962</td>\n",
       "      <td>-0.005281</td>\n",
       "      <td>1.000000</td>\n",
       "      <td>-0.108562</td>\n",
       "      <td>-0.045841</td>\n",
       "      <td>0.044729</td>\n",
       "      <td>0.056120</td>\n",
       "      <td>0.027394</td>\n",
       "      <td>-0.094584</td>\n",
       "      <td>-0.025350</td>\n",
       "      <td>-0.011486</td>\n",
       "      <td>-0.046784</td>\n",
       "      <td>0.028178</td>\n",
       "      <td>-0.100986</td>\n",
       "      <td>-0.023242</td>\n",
       "      <td>0.010344</td>\n",
       "      <td>0.044089</td>\n",
       "      <td>-0.011257</td>\n",
       "    </tr>\n",
       "    <tr>\n",
       "      <th>Acousticness</th>\n",
       "      <td>-0.307905</td>\n",
       "      <td>-0.052131</td>\n",
       "      <td>-0.424734</td>\n",
       "      <td>-0.108562</td>\n",
       "      <td>1.000000</td>\n",
       "      <td>0.336251</td>\n",
       "      <td>-0.056400</td>\n",
       "      <td>-0.237157</td>\n",
       "      <td>-0.103651</td>\n",
       "      <td>-0.009182</td>\n",
       "      <td>-0.092333</td>\n",
       "      <td>-0.095477</td>\n",
       "      <td>-0.141065</td>\n",
       "      <td>-0.022892</td>\n",
       "      <td>-0.036667</td>\n",
       "      <td>0.164740</td>\n",
       "      <td>-0.029784</td>\n",
       "      <td>-0.067075</td>\n",
       "      <td>-0.004457</td>\n",
       "    </tr>\n",
       "    <tr>\n",
       "      <th>Instrumentalness</th>\n",
       "      <td>-0.187069</td>\n",
       "      <td>-0.008115</td>\n",
       "      <td>-0.422526</td>\n",
       "      <td>-0.045841</td>\n",
       "      <td>0.336251</td>\n",
       "      <td>1.000000</td>\n",
       "      <td>-0.017657</td>\n",
       "      <td>-0.254302</td>\n",
       "      <td>-0.043663</td>\n",
       "      <td>0.005399</td>\n",
       "      <td>-0.113823</td>\n",
       "      <td>-0.109735</td>\n",
       "      <td>-0.153140</td>\n",
       "      <td>-0.029504</td>\n",
       "      <td>-0.104447</td>\n",
       "      <td>0.133897</td>\n",
       "      <td>-0.038266</td>\n",
       "      <td>-0.067880</td>\n",
       "      <td>-0.006196</td>\n",
       "    </tr>\n",
       "    <tr>\n",
       "      <th>Liveness</th>\n",
       "      <td>0.057378</td>\n",
       "      <td>0.024926</td>\n",
       "      <td>0.013067</td>\n",
       "      <td>0.044729</td>\n",
       "      <td>-0.056400</td>\n",
       "      <td>-0.017657</td>\n",
       "      <td>1.000000</td>\n",
       "      <td>0.034223</td>\n",
       "      <td>-0.016046</td>\n",
       "      <td>-0.014444</td>\n",
       "      <td>0.007461</td>\n",
       "      <td>-0.000495</td>\n",
       "      <td>-0.013798</td>\n",
       "      <td>-0.018402</td>\n",
       "      <td>-0.024832</td>\n",
       "      <td>-0.012510</td>\n",
       "      <td>-0.002330</td>\n",
       "      <td>-0.017419</td>\n",
       "      <td>0.008530</td>\n",
       "    </tr>\n",
       "    <tr>\n",
       "      <th>Valence</th>\n",
       "      <td>0.223716</td>\n",
       "      <td>0.039844</td>\n",
       "      <td>0.240331</td>\n",
       "      <td>0.056120</td>\n",
       "      <td>-0.237157</td>\n",
       "      <td>-0.254302</td>\n",
       "      <td>0.034223</td>\n",
       "      <td>1.000000</td>\n",
       "      <td>0.083660</td>\n",
       "      <td>-0.056470</td>\n",
       "      <td>0.086593</td>\n",
       "      <td>0.077299</td>\n",
       "      <td>0.076626</td>\n",
       "      <td>-0.002752</td>\n",
       "      <td>-0.037002</td>\n",
       "      <td>-0.146989</td>\n",
       "      <td>0.043047</td>\n",
       "      <td>0.097690</td>\n",
       "      <td>-0.006009</td>\n",
       "    </tr>\n",
       "    <tr>\n",
       "      <th>Tempo</th>\n",
       "      <td>0.102401</td>\n",
       "      <td>0.045168</td>\n",
       "      <td>0.071857</td>\n",
       "      <td>0.027394</td>\n",
       "      <td>-0.103651</td>\n",
       "      <td>-0.043663</td>\n",
       "      <td>-0.016046</td>\n",
       "      <td>0.083660</td>\n",
       "      <td>1.000000</td>\n",
       "      <td>-0.020854</td>\n",
       "      <td>0.050684</td>\n",
       "      <td>0.038964</td>\n",
       "      <td>0.041136</td>\n",
       "      <td>-0.038757</td>\n",
       "      <td>0.022579</td>\n",
       "      <td>-0.149941</td>\n",
       "      <td>0.037644</td>\n",
       "      <td>-0.022824</td>\n",
       "      <td>-0.018339</td>\n",
       "    </tr>\n",
       "    <tr>\n",
       "      <th>Duration_ms</th>\n",
       "      <td>0.024953</td>\n",
       "      <td>-0.031492</td>\n",
       "      <td>0.000749</td>\n",
       "      <td>-0.094584</td>\n",
       "      <td>-0.009182</td>\n",
       "      <td>0.005399</td>\n",
       "      <td>-0.014444</td>\n",
       "      <td>-0.056470</td>\n",
       "      <td>-0.020854</td>\n",
       "      <td>1.000000</td>\n",
       "      <td>0.039253</td>\n",
       "      <td>0.033999</td>\n",
       "      <td>0.000388</td>\n",
       "      <td>-0.008100</td>\n",
       "      <td>0.050799</td>\n",
       "      <td>0.016716</td>\n",
       "      <td>0.049846</td>\n",
       "      <td>-0.046411</td>\n",
       "      <td>0.000169</td>\n",
       "    </tr>\n",
       "    <tr>\n",
       "      <th>Views</th>\n",
       "      <td>0.104381</td>\n",
       "      <td>0.008614</td>\n",
       "      <td>0.132042</td>\n",
       "      <td>-0.025350</td>\n",
       "      <td>-0.092333</td>\n",
       "      <td>-0.113823</td>\n",
       "      <td>0.007461</td>\n",
       "      <td>0.086593</td>\n",
       "      <td>0.050684</td>\n",
       "      <td>0.039253</td>\n",
       "      <td>1.000000</td>\n",
       "      <td>0.835036</td>\n",
       "      <td>0.499887</td>\n",
       "      <td>-0.046477</td>\n",
       "      <td>0.158648</td>\n",
       "      <td>-0.203668</td>\n",
       "      <td>0.593115</td>\n",
       "      <td>0.036028</td>\n",
       "      <td>-0.009451</td>\n",
       "    </tr>\n",
       "    <tr>\n",
       "      <th>Likes</th>\n",
       "      <td>0.086676</td>\n",
       "      <td>0.019581</td>\n",
       "      <td>0.138467</td>\n",
       "      <td>-0.011486</td>\n",
       "      <td>-0.095477</td>\n",
       "      <td>-0.109735</td>\n",
       "      <td>-0.000495</td>\n",
       "      <td>0.077299</td>\n",
       "      <td>0.038964</td>\n",
       "      <td>0.033999</td>\n",
       "      <td>0.835036</td>\n",
       "      <td>1.000000</td>\n",
       "      <td>0.481135</td>\n",
       "      <td>-0.037652</td>\n",
       "      <td>0.141569</td>\n",
       "      <td>-0.156253</td>\n",
       "      <td>0.582809</td>\n",
       "      <td>0.027100</td>\n",
       "      <td>-0.002922</td>\n",
       "    </tr>\n",
       "    <tr>\n",
       "      <th>Stream</th>\n",
       "      <td>0.129197</td>\n",
       "      <td>0.009897</td>\n",
       "      <td>0.164808</td>\n",
       "      <td>-0.046784</td>\n",
       "      <td>-0.141065</td>\n",
       "      <td>-0.153140</td>\n",
       "      <td>-0.013798</td>\n",
       "      <td>0.076626</td>\n",
       "      <td>0.041136</td>\n",
       "      <td>0.000388</td>\n",
       "      <td>0.499887</td>\n",
       "      <td>0.481135</td>\n",
       "      <td>1.000000</td>\n",
       "      <td>-0.078964</td>\n",
       "      <td>0.115379</td>\n",
       "      <td>-0.288516</td>\n",
       "      <td>0.218511</td>\n",
       "      <td>0.025924</td>\n",
       "      <td>-0.003124</td>\n",
       "    </tr>\n",
       "    <tr>\n",
       "      <th>Album_type</th>\n",
       "      <td>0.032098</td>\n",
       "      <td>-0.012378</td>\n",
       "      <td>0.073303</td>\n",
       "      <td>0.028178</td>\n",
       "      <td>-0.022892</td>\n",
       "      <td>-0.029504</td>\n",
       "      <td>-0.018402</td>\n",
       "      <td>-0.002752</td>\n",
       "      <td>-0.038757</td>\n",
       "      <td>-0.008100</td>\n",
       "      <td>-0.046477</td>\n",
       "      <td>-0.037652</td>\n",
       "      <td>-0.078964</td>\n",
       "      <td>1.000000</td>\n",
       "      <td>-0.047715</td>\n",
       "      <td>0.122460</td>\n",
       "      <td>-0.015213</td>\n",
       "      <td>0.036767</td>\n",
       "      <td>0.003969</td>\n",
       "    </tr>\n",
       "    <tr>\n",
       "      <th>Licensed</th>\n",
       "      <td>0.035469</td>\n",
       "      <td>-0.039652</td>\n",
       "      <td>0.111616</td>\n",
       "      <td>-0.100986</td>\n",
       "      <td>-0.036667</td>\n",
       "      <td>-0.104447</td>\n",
       "      <td>-0.024832</td>\n",
       "      <td>-0.037002</td>\n",
       "      <td>0.022579</td>\n",
       "      <td>0.050799</td>\n",
       "      <td>0.158648</td>\n",
       "      <td>0.141569</td>\n",
       "      <td>0.115379</td>\n",
       "      <td>-0.047715</td>\n",
       "      <td>1.000000</td>\n",
       "      <td>-0.066545</td>\n",
       "      <td>0.051045</td>\n",
       "      <td>-0.020947</td>\n",
       "      <td>0.010318</td>\n",
       "    </tr>\n",
       "    <tr>\n",
       "      <th>id</th>\n",
       "      <td>-0.190335</td>\n",
       "      <td>-0.090102</td>\n",
       "      <td>0.002558</td>\n",
       "      <td>-0.023242</td>\n",
       "      <td>0.164740</td>\n",
       "      <td>0.133897</td>\n",
       "      <td>-0.012510</td>\n",
       "      <td>-0.146989</td>\n",
       "      <td>-0.149941</td>\n",
       "      <td>0.016716</td>\n",
       "      <td>-0.203668</td>\n",
       "      <td>-0.156253</td>\n",
       "      <td>-0.288516</td>\n",
       "      <td>0.122460</td>\n",
       "      <td>-0.066545</td>\n",
       "      <td>1.000000</td>\n",
       "      <td>-0.065346</td>\n",
       "      <td>0.026124</td>\n",
       "      <td>0.026701</td>\n",
       "    </tr>\n",
       "    <tr>\n",
       "      <th>Comments</th>\n",
       "      <td>0.040983</td>\n",
       "      <td>-0.017140</td>\n",
       "      <td>0.047569</td>\n",
       "      <td>0.010344</td>\n",
       "      <td>-0.029784</td>\n",
       "      <td>-0.038266</td>\n",
       "      <td>-0.002330</td>\n",
       "      <td>0.043047</td>\n",
       "      <td>0.037644</td>\n",
       "      <td>0.049846</td>\n",
       "      <td>0.593115</td>\n",
       "      <td>0.582809</td>\n",
       "      <td>0.218511</td>\n",
       "      <td>-0.015213</td>\n",
       "      <td>0.051045</td>\n",
       "      <td>-0.065346</td>\n",
       "      <td>1.000000</td>\n",
       "      <td>0.005561</td>\n",
       "      <td>0.004585</td>\n",
       "    </tr>\n",
       "    <tr>\n",
       "      <th>Composer</th>\n",
       "      <td>0.022467</td>\n",
       "      <td>0.012173</td>\n",
       "      <td>0.091849</td>\n",
       "      <td>0.044089</td>\n",
       "      <td>-0.067075</td>\n",
       "      <td>-0.067880</td>\n",
       "      <td>-0.017419</td>\n",
       "      <td>0.097690</td>\n",
       "      <td>-0.022824</td>\n",
       "      <td>-0.046411</td>\n",
       "      <td>0.036028</td>\n",
       "      <td>0.027100</td>\n",
       "      <td>0.025924</td>\n",
       "      <td>0.036767</td>\n",
       "      <td>-0.020947</td>\n",
       "      <td>0.026124</td>\n",
       "      <td>0.005561</td>\n",
       "      <td>1.000000</td>\n",
       "      <td>0.020250</td>\n",
       "    </tr>\n",
       "    <tr>\n",
       "      <th>Artist</th>\n",
       "      <td>-0.010575</td>\n",
       "      <td>-0.036862</td>\n",
       "      <td>-0.006831</td>\n",
       "      <td>-0.011257</td>\n",
       "      <td>-0.004457</td>\n",
       "      <td>-0.006196</td>\n",
       "      <td>0.008530</td>\n",
       "      <td>-0.006009</td>\n",
       "      <td>-0.018339</td>\n",
       "      <td>0.000169</td>\n",
       "      <td>-0.009451</td>\n",
       "      <td>-0.002922</td>\n",
       "      <td>-0.003124</td>\n",
       "      <td>0.003969</td>\n",
       "      <td>0.010318</td>\n",
       "      <td>0.026701</td>\n",
       "      <td>0.004585</td>\n",
       "      <td>0.020250</td>\n",
       "      <td>1.000000</td>\n",
       "    </tr>\n",
       "  </tbody>\n",
       "</table>\n",
       "</div>"
      ],
      "text/plain": [
       "                    Energy       Key  Loudness  Speechiness  Acousticness  \\\n",
       "Energy            1.000000  0.030645  0.407735     0.014745     -0.307905   \n",
       "Key               0.030645  1.000000  0.010579     0.037962     -0.052131   \n",
       "Loudness          0.407735  0.010579  1.000000    -0.005281     -0.424734   \n",
       "Speechiness       0.014745  0.037962 -0.005281     1.000000     -0.108562   \n",
       "Acousticness     -0.307905 -0.052131 -0.424734    -0.108562      1.000000   \n",
       "Instrumentalness -0.187069 -0.008115 -0.422526    -0.045841      0.336251   \n",
       "Liveness          0.057378  0.024926  0.013067     0.044729     -0.056400   \n",
       "Valence           0.223716  0.039844  0.240331     0.056120     -0.237157   \n",
       "Tempo             0.102401  0.045168  0.071857     0.027394     -0.103651   \n",
       "Duration_ms       0.024953 -0.031492  0.000749    -0.094584     -0.009182   \n",
       "Views             0.104381  0.008614  0.132042    -0.025350     -0.092333   \n",
       "Likes             0.086676  0.019581  0.138467    -0.011486     -0.095477   \n",
       "Stream            0.129197  0.009897  0.164808    -0.046784     -0.141065   \n",
       "Album_type        0.032098 -0.012378  0.073303     0.028178     -0.022892   \n",
       "Licensed          0.035469 -0.039652  0.111616    -0.100986     -0.036667   \n",
       "id               -0.190335 -0.090102  0.002558    -0.023242      0.164740   \n",
       "Comments          0.040983 -0.017140  0.047569     0.010344     -0.029784   \n",
       "Composer          0.022467  0.012173  0.091849     0.044089     -0.067075   \n",
       "Artist           -0.010575 -0.036862 -0.006831    -0.011257     -0.004457   \n",
       "\n",
       "                  Instrumentalness  Liveness   Valence     Tempo  Duration_ms  \\\n",
       "Energy                   -0.187069  0.057378  0.223716  0.102401     0.024953   \n",
       "Key                      -0.008115  0.024926  0.039844  0.045168    -0.031492   \n",
       "Loudness                 -0.422526  0.013067  0.240331  0.071857     0.000749   \n",
       "Speechiness              -0.045841  0.044729  0.056120  0.027394    -0.094584   \n",
       "Acousticness              0.336251 -0.056400 -0.237157 -0.103651    -0.009182   \n",
       "Instrumentalness          1.000000 -0.017657 -0.254302 -0.043663     0.005399   \n",
       "Liveness                 -0.017657  1.000000  0.034223 -0.016046    -0.014444   \n",
       "Valence                  -0.254302  0.034223  1.000000  0.083660    -0.056470   \n",
       "Tempo                    -0.043663 -0.016046  0.083660  1.000000    -0.020854   \n",
       "Duration_ms               0.005399 -0.014444 -0.056470 -0.020854     1.000000   \n",
       "Views                    -0.113823  0.007461  0.086593  0.050684     0.039253   \n",
       "Likes                    -0.109735 -0.000495  0.077299  0.038964     0.033999   \n",
       "Stream                   -0.153140 -0.013798  0.076626  0.041136     0.000388   \n",
       "Album_type               -0.029504 -0.018402 -0.002752 -0.038757    -0.008100   \n",
       "Licensed                 -0.104447 -0.024832 -0.037002  0.022579     0.050799   \n",
       "id                        0.133897 -0.012510 -0.146989 -0.149941     0.016716   \n",
       "Comments                 -0.038266 -0.002330  0.043047  0.037644     0.049846   \n",
       "Composer                 -0.067880 -0.017419  0.097690 -0.022824    -0.046411   \n",
       "Artist                   -0.006196  0.008530 -0.006009 -0.018339     0.000169   \n",
       "\n",
       "                     Views     Likes    Stream  Album_type  Licensed  \\\n",
       "Energy            0.104381  0.086676  0.129197    0.032098  0.035469   \n",
       "Key               0.008614  0.019581  0.009897   -0.012378 -0.039652   \n",
       "Loudness          0.132042  0.138467  0.164808    0.073303  0.111616   \n",
       "Speechiness      -0.025350 -0.011486 -0.046784    0.028178 -0.100986   \n",
       "Acousticness     -0.092333 -0.095477 -0.141065   -0.022892 -0.036667   \n",
       "Instrumentalness -0.113823 -0.109735 -0.153140   -0.029504 -0.104447   \n",
       "Liveness          0.007461 -0.000495 -0.013798   -0.018402 -0.024832   \n",
       "Valence           0.086593  0.077299  0.076626   -0.002752 -0.037002   \n",
       "Tempo             0.050684  0.038964  0.041136   -0.038757  0.022579   \n",
       "Duration_ms       0.039253  0.033999  0.000388   -0.008100  0.050799   \n",
       "Views             1.000000  0.835036  0.499887   -0.046477  0.158648   \n",
       "Likes             0.835036  1.000000  0.481135   -0.037652  0.141569   \n",
       "Stream            0.499887  0.481135  1.000000   -0.078964  0.115379   \n",
       "Album_type       -0.046477 -0.037652 -0.078964    1.000000 -0.047715   \n",
       "Licensed          0.158648  0.141569  0.115379   -0.047715  1.000000   \n",
       "id               -0.203668 -0.156253 -0.288516    0.122460 -0.066545   \n",
       "Comments          0.593115  0.582809  0.218511   -0.015213  0.051045   \n",
       "Composer          0.036028  0.027100  0.025924    0.036767 -0.020947   \n",
       "Artist           -0.009451 -0.002922 -0.003124    0.003969  0.010318   \n",
       "\n",
       "                        id  Comments  Composer    Artist  \n",
       "Energy           -0.190335  0.040983  0.022467 -0.010575  \n",
       "Key              -0.090102 -0.017140  0.012173 -0.036862  \n",
       "Loudness          0.002558  0.047569  0.091849 -0.006831  \n",
       "Speechiness      -0.023242  0.010344  0.044089 -0.011257  \n",
       "Acousticness      0.164740 -0.029784 -0.067075 -0.004457  \n",
       "Instrumentalness  0.133897 -0.038266 -0.067880 -0.006196  \n",
       "Liveness         -0.012510 -0.002330 -0.017419  0.008530  \n",
       "Valence          -0.146989  0.043047  0.097690 -0.006009  \n",
       "Tempo            -0.149941  0.037644 -0.022824 -0.018339  \n",
       "Duration_ms       0.016716  0.049846 -0.046411  0.000169  \n",
       "Views            -0.203668  0.593115  0.036028 -0.009451  \n",
       "Likes            -0.156253  0.582809  0.027100 -0.002922  \n",
       "Stream           -0.288516  0.218511  0.025924 -0.003124  \n",
       "Album_type        0.122460 -0.015213  0.036767  0.003969  \n",
       "Licensed         -0.066545  0.051045 -0.020947  0.010318  \n",
       "id                1.000000 -0.065346  0.026124  0.026701  \n",
       "Comments         -0.065346  1.000000  0.005561  0.004585  \n",
       "Composer          0.026124  0.005561  1.000000  0.020250  \n",
       "Artist            0.026701  0.004585  0.020250  1.000000  "
      ]
     },
     "execution_count": 189,
     "metadata": {},
     "output_type": "execute_result"
    }
   ],
   "source": [
    "original.corr()"
   ]
  },
  {
   "attachments": {},
   "cell_type": "markdown",
   "metadata": {},
   "source": [
    "Valence Loudness Energy  Acousticness Instrumentalness\n",
    "\n",
    "Loudness Energy Valence Tempo Acousticness Instrumentalness   Views  Likes Stream\n",
    "\n",
    "Speechiness Acousticness Instrumentalness\n",
    "\n",
    "Acousticness Instrumentalness  Loudness Valence Energy  Tempo\n",
    "\n",
    "Instrumentalness Energy  Loudness Acousticness Valence\n",
    "\n",
    "likes Views Stream Comments Loudness   \t \n",
    "\n",
    "Composer Valence\n",
    "\n",
    "\n",
    "Valence Loudness Speechiness Acousticness Instrumentalness Energy Tempo"
   ]
  },
  {
   "attachments": {},
   "cell_type": "markdown",
   "metadata": {},
   "source": [
    "Correlation\n",
    "Danceability ==> Valence: 0.424102 | Composer: 0.295219| Loudness: 0.275222 | Speechiness:0.228473|  Acousticness:-0.309605| Instrumentalness: -0.231177 | Likes: 0.103480| \n",
    "Valence      ==> Loudness: 0.319542  |  Energy: 0.305514  |  Acousticness: -0.288254  | Instrumentalness: -0.258984  | Composer: 0.143226\n",
    "Composer     ==> Valence: 0.143226 | \n",
    "Loudness     ==> Energy: 0.559834 | Valence: 0.319542 |Tempo: 0.146088\t| Acousticness: -0.651000 |Instrumentalness: -0.563593 |  Views: 0.110302 | Likes: 0.123328 | Stream: 0.112378\n",
    "Speechiness  ==> Acousticness: -0.141015 |Instrumentalness: -0.113436\n",
    "Acousticness ==> Energy: -0.471571 | Loudness: -0.651000 |Instrumentalness: 0.416931| Energy: -0.471571 | Tempo: -0.127284\n",
    "Instrumentalness ==> Energy: -0.135264 | Loudness: -0.563593| Acousticness: 0.416931| Valence: -0.258984\n",
    "Likes ==> Views: 0.871248 |Stream: 0.664720 |Comments: 0.609587| Loudness:0.123328  "
   ]
  },
  {
   "cell_type": "code",
   "execution_count": 160,
   "metadata": {},
   "outputs": [],
   "source": [
    "# dataRequiredCorr = [\"Danceability\", \"Valence\", \"Loudness\", \"Speechiness\", \"Acousticness\", \"Instrumentalness\", \"Energy\", \"Tempo\", \"Composer\", 'id']\n",
    "dataRequiredCorr = [ \"Valence\", \"Loudness\", \"Speechiness\", \"Acousticness\", \"Instrumentalness\", \"Energy\", \"Tempo\", \"Composer\", 'id']"
   ]
  },
  {
   "cell_type": "code",
   "execution_count": 190,
   "metadata": {},
   "outputs": [],
   "source": [
    "dataTest1 = original[dataRequiredCorr]"
   ]
  },
  {
   "cell_type": "code",
   "execution_count": 106,
   "metadata": {},
   "outputs": [
    {
     "data": {
      "text/html": [
       "<div>\n",
       "<style scoped>\n",
       "    .dataframe tbody tr th:only-of-type {\n",
       "        vertical-align: middle;\n",
       "    }\n",
       "\n",
       "    .dataframe tbody tr th {\n",
       "        vertical-align: top;\n",
       "    }\n",
       "\n",
       "    .dataframe thead th {\n",
       "        text-align: right;\n",
       "    }\n",
       "</style>\n",
       "<table border=\"1\" class=\"dataframe\">\n",
       "  <thead>\n",
       "    <tr style=\"text-align: right;\">\n",
       "      <th></th>\n",
       "      <th>Valence</th>\n",
       "      <th>Loudness</th>\n",
       "      <th>Speechiness</th>\n",
       "      <th>Acousticness</th>\n",
       "      <th>Instrumentalness</th>\n",
       "      <th>Energy</th>\n",
       "      <th>Tempo</th>\n",
       "      <th>Composer</th>\n",
       "      <th>id</th>\n",
       "    </tr>\n",
       "  </thead>\n",
       "  <tbody>\n",
       "    <tr>\n",
       "      <th>0</th>\n",
       "      <td>NaN</td>\n",
       "      <td>-6.679000</td>\n",
       "      <td>0.177000</td>\n",
       "      <td>5.842771e-07</td>\n",
       "      <td>0.002330</td>\n",
       "      <td>0.350403</td>\n",
       "      <td>138.559000</td>\n",
       "      <td>0</td>\n",
       "      <td>17170</td>\n",
       "    </tr>\n",
       "    <tr>\n",
       "      <th>1</th>\n",
       "      <td>0.852000</td>\n",
       "      <td>-5.815000</td>\n",
       "      <td>0.030200</td>\n",
       "      <td>NaN</td>\n",
       "      <td>0.000687</td>\n",
       "      <td>0.347429</td>\n",
       "      <td>92.761000</td>\n",
       "      <td>1</td>\n",
       "      <td>17171</td>\n",
       "    </tr>\n",
       "    <tr>\n",
       "      <th>2</th>\n",
       "      <td>0.551000</td>\n",
       "      <td>-3.930000</td>\n",
       "      <td>0.052200</td>\n",
       "      <td>7.676563e-05</td>\n",
       "      <td>NaN</td>\n",
       "      <td>0.786330</td>\n",
       "      <td>108.014000</td>\n",
       "      <td>1</td>\n",
       "      <td>17172</td>\n",
       "    </tr>\n",
       "    <tr>\n",
       "      <th>3</th>\n",
       "      <td>0.578000</td>\n",
       "      <td>-5.810000</td>\n",
       "      <td>0.026000</td>\n",
       "      <td>3.442951e-15</td>\n",
       "      <td>0.509000</td>\n",
       "      <td>0.403583</td>\n",
       "      <td>120.423000</td>\n",
       "      <td>2</td>\n",
       "      <td>17173</td>\n",
       "    </tr>\n",
       "    <tr>\n",
       "      <th>4</th>\n",
       "      <td>0.525000</td>\n",
       "      <td>-8.627000</td>\n",
       "      <td>0.171000</td>\n",
       "      <td>1.619428e-05</td>\n",
       "      <td>0.000000</td>\n",
       "      <td>0.334255</td>\n",
       "      <td>167.953000</td>\n",
       "      <td>3</td>\n",
       "      <td>17174</td>\n",
       "    </tr>\n",
       "    <tr>\n",
       "      <th>...</th>\n",
       "      <td>...</td>\n",
       "      <td>...</td>\n",
       "      <td>...</td>\n",
       "      <td>...</td>\n",
       "      <td>...</td>\n",
       "      <td>...</td>\n",
       "      <td>...</td>\n",
       "      <td>...</td>\n",
       "      <td>...</td>\n",
       "    </tr>\n",
       "    <tr>\n",
       "      <th>6310</th>\n",
       "      <td>0.160253</td>\n",
       "      <td>-6.366894</td>\n",
       "      <td>0.045451</td>\n",
       "      <td>3.176921e-01</td>\n",
       "      <td>0.006016</td>\n",
       "      <td>0.160377</td>\n",
       "      <td>72.136829</td>\n",
       "      <td>6</td>\n",
       "      <td>23480</td>\n",
       "    </tr>\n",
       "    <tr>\n",
       "      <th>6311</th>\n",
       "      <td>0.614366</td>\n",
       "      <td>-4.148566</td>\n",
       "      <td>0.073000</td>\n",
       "      <td>7.419596e-03</td>\n",
       "      <td>0.000817</td>\n",
       "      <td>0.318585</td>\n",
       "      <td>NaN</td>\n",
       "      <td>4</td>\n",
       "      <td>23481</td>\n",
       "    </tr>\n",
       "    <tr>\n",
       "      <th>6312</th>\n",
       "      <td>0.087281</td>\n",
       "      <td>-5.807545</td>\n",
       "      <td>0.072906</td>\n",
       "      <td>6.617082e-01</td>\n",
       "      <td>0.898308</td>\n",
       "      <td>0.426223</td>\n",
       "      <td>87.969239</td>\n",
       "      <td>7</td>\n",
       "      <td>23482</td>\n",
       "    </tr>\n",
       "    <tr>\n",
       "      <th>6313</th>\n",
       "      <td>0.482987</td>\n",
       "      <td>-11.563964</td>\n",
       "      <td>0.037676</td>\n",
       "      <td>3.630868e-03</td>\n",
       "      <td>0.491785</td>\n",
       "      <td>0.204440</td>\n",
       "      <td>NaN</td>\n",
       "      <td>4</td>\n",
       "      <td>23483</td>\n",
       "    </tr>\n",
       "    <tr>\n",
       "      <th>6314</th>\n",
       "      <td>0.735073</td>\n",
       "      <td>NaN</td>\n",
       "      <td>0.082686</td>\n",
       "      <td>7.642603e-02</td>\n",
       "      <td>0.214188</td>\n",
       "      <td>0.014679</td>\n",
       "      <td>98.873933</td>\n",
       "      <td>0</td>\n",
       "      <td>23484</td>\n",
       "    </tr>\n",
       "  </tbody>\n",
       "</table>\n",
       "<p>6315 rows × 9 columns</p>\n",
       "</div>"
      ],
      "text/plain": [
       "       Valence   Loudness  Speechiness  Acousticness  Instrumentalness  \\\n",
       "0          NaN  -6.679000     0.177000  5.842771e-07          0.002330   \n",
       "1     0.852000  -5.815000     0.030200           NaN          0.000687   \n",
       "2     0.551000  -3.930000     0.052200  7.676563e-05               NaN   \n",
       "3     0.578000  -5.810000     0.026000  3.442951e-15          0.509000   \n",
       "4     0.525000  -8.627000     0.171000  1.619428e-05          0.000000   \n",
       "...        ...        ...          ...           ...               ...   \n",
       "6310  0.160253  -6.366894     0.045451  3.176921e-01          0.006016   \n",
       "6311  0.614366  -4.148566     0.073000  7.419596e-03          0.000817   \n",
       "6312  0.087281  -5.807545     0.072906  6.617082e-01          0.898308   \n",
       "6313  0.482987 -11.563964     0.037676  3.630868e-03          0.491785   \n",
       "6314  0.735073        NaN     0.082686  7.642603e-02          0.214188   \n",
       "\n",
       "        Energy       Tempo  Composer     id  \n",
       "0     0.350403  138.559000         0  17170  \n",
       "1     0.347429   92.761000         1  17171  \n",
       "2     0.786330  108.014000         1  17172  \n",
       "3     0.403583  120.423000         2  17173  \n",
       "4     0.334255  167.953000         3  17174  \n",
       "...        ...         ...       ...    ...  \n",
       "6310  0.160377   72.136829         6  23480  \n",
       "6311  0.318585         NaN         4  23481  \n",
       "6312  0.426223   87.969239         7  23482  \n",
       "6313  0.204440         NaN         4  23483  \n",
       "6314  0.014679   98.873933         0  23484  \n",
       "\n",
       "[6315 rows x 9 columns]"
      ]
     },
     "execution_count": 106,
     "metadata": {},
     "output_type": "execute_result"
    }
   ],
   "source": [
    "dataTest1"
   ]
  },
  {
   "cell_type": "code",
   "execution_count": 162,
   "metadata": {},
   "outputs": [
    {
     "data": {
      "text/plain": [
       "6315"
      ]
     },
     "execution_count": 162,
     "metadata": {},
     "output_type": "execute_result"
    }
   ],
   "source": [
    "len(dataTest1['Valence'])"
   ]
  },
  {
   "cell_type": "code",
   "execution_count": 153,
   "metadata": {},
   "outputs": [
    {
     "data": {
      "text/plain": [
       "949"
      ]
     },
     "execution_count": 153,
     "metadata": {},
     "output_type": "execute_result"
    }
   ],
   "source": [
    "pd.isna(dataTest1['Valence']).sum()"
   ]
  },
  {
   "cell_type": "code",
   "execution_count": 142,
   "metadata": {},
   "outputs": [],
   "source": [
    "dataTest = dataTest1[~pd.isnull(dataTest1['Valence'])]"
   ]
  },
  {
   "cell_type": "code",
   "execution_count": 13,
   "metadata": {},
   "outputs": [
    {
     "data": {
      "text/plain": [
       "0"
      ]
     },
     "execution_count": 13,
     "metadata": {},
     "output_type": "execute_result"
    }
   ],
   "source": [
    "pd.isna(dataTest['Valence']).sum()"
   ]
  },
  {
   "cell_type": "code",
   "execution_count": 14,
   "metadata": {},
   "outputs": [
    {
     "data": {
      "text/plain": [
       "14596"
      ]
     },
     "execution_count": 14,
     "metadata": {},
     "output_type": "execute_result"
    }
   ],
   "source": [
    "len(dataTest['Valence'])"
   ]
  },
  {
   "cell_type": "code",
   "execution_count": 110,
   "metadata": {},
   "outputs": [
    {
     "data": {
      "text/html": [
       "<div>\n",
       "<style scoped>\n",
       "    .dataframe tbody tr th:only-of-type {\n",
       "        vertical-align: middle;\n",
       "    }\n",
       "\n",
       "    .dataframe tbody tr th {\n",
       "        vertical-align: top;\n",
       "    }\n",
       "\n",
       "    .dataframe thead th {\n",
       "        text-align: right;\n",
       "    }\n",
       "</style>\n",
       "<table border=\"1\" class=\"dataframe\">\n",
       "  <thead>\n",
       "    <tr style=\"text-align: right;\">\n",
       "      <th></th>\n",
       "      <th>Valence</th>\n",
       "      <th>Loudness</th>\n",
       "      <th>Speechiness</th>\n",
       "      <th>Acousticness</th>\n",
       "      <th>Instrumentalness</th>\n",
       "      <th>Energy</th>\n",
       "      <th>Tempo</th>\n",
       "      <th>Composer</th>\n",
       "      <th>id</th>\n",
       "    </tr>\n",
       "  </thead>\n",
       "  <tbody>\n",
       "    <tr>\n",
       "      <th>Valence</th>\n",
       "      <td>1.000000</td>\n",
       "      <td>0.240331</td>\n",
       "      <td>0.056120</td>\n",
       "      <td>-0.237157</td>\n",
       "      <td>-0.254302</td>\n",
       "      <td>0.223716</td>\n",
       "      <td>0.083660</td>\n",
       "      <td>0.097690</td>\n",
       "      <td>-0.146989</td>\n",
       "    </tr>\n",
       "    <tr>\n",
       "      <th>Loudness</th>\n",
       "      <td>0.240331</td>\n",
       "      <td>1.000000</td>\n",
       "      <td>0.007496</td>\n",
       "      <td>-0.418517</td>\n",
       "      <td>-0.431324</td>\n",
       "      <td>0.408496</td>\n",
       "      <td>0.075113</td>\n",
       "      <td>0.099397</td>\n",
       "      <td>0.008375</td>\n",
       "    </tr>\n",
       "    <tr>\n",
       "      <th>Speechiness</th>\n",
       "      <td>0.056120</td>\n",
       "      <td>0.007496</td>\n",
       "      <td>1.000000</td>\n",
       "      <td>-0.104887</td>\n",
       "      <td>-0.052685</td>\n",
       "      <td>0.015088</td>\n",
       "      <td>0.023806</td>\n",
       "      <td>0.051581</td>\n",
       "      <td>-0.019470</td>\n",
       "    </tr>\n",
       "    <tr>\n",
       "      <th>Acousticness</th>\n",
       "      <td>-0.237157</td>\n",
       "      <td>-0.418517</td>\n",
       "      <td>-0.104887</td>\n",
       "      <td>1.000000</td>\n",
       "      <td>0.334377</td>\n",
       "      <td>-0.303938</td>\n",
       "      <td>-0.106885</td>\n",
       "      <td>-0.064120</td>\n",
       "      <td>0.172455</td>\n",
       "    </tr>\n",
       "    <tr>\n",
       "      <th>Instrumentalness</th>\n",
       "      <td>-0.254302</td>\n",
       "      <td>-0.431324</td>\n",
       "      <td>-0.052685</td>\n",
       "      <td>0.334377</td>\n",
       "      <td>1.000000</td>\n",
       "      <td>-0.187147</td>\n",
       "      <td>-0.048793</td>\n",
       "      <td>-0.071264</td>\n",
       "      <td>0.131686</td>\n",
       "    </tr>\n",
       "    <tr>\n",
       "      <th>Energy</th>\n",
       "      <td>0.223716</td>\n",
       "      <td>0.408496</td>\n",
       "      <td>0.015088</td>\n",
       "      <td>-0.303938</td>\n",
       "      <td>-0.187147</td>\n",
       "      <td>1.000000</td>\n",
       "      <td>0.100447</td>\n",
       "      <td>0.024916</td>\n",
